,TonguePale,TipSideRed,Spot,Ecchymosis,Crack,Toothmark,FurThick,FurYellow
TonguePale,427,221,210,44,373,272,426,64
TipSideRed,221,1515,911,110,1262,854,1487,221
Spot,210,911,1602,144,1312,946,1566,236
Ecchymosis,44,110,144,309,275,167,307,65
Crack,373,1262,1312,275,2845,1667,2771,483
Toothmark,272,854,946,167,1667,1950,1912,324
FurThick,426,1487,1566,307,2771,1912,3280,523
FurYellow,64,221,236,65,483,324,523,529
